4 4
0 0 0 0 0 0 0 0 0 0 0 0 0 0 0 0 
1 0 0 0 0 E 0 0 0 0 0 0 0 0 0 0 
0 0 0 0 0 0 0 0 0 0 0 0 3 0 0 0 
0 0 0 0 0 0 0 0 0 0 0 0 0 0 0 0 
0 0 0 0 0 8 0 0 0 5 0 0 7 1 0 0 
0 0 0 0 0 0 2 0 0 0 0 0 0 0 8 0 
F 5 0 0 0 0 0 0 0 0 7 0 0 0 0 G 
9 A 0 0 0 0 0 0 0 0 1 0 0 0 4 0 
0 0 0 0 0 0 0 0 0 0 0 0 0 0 0 0 
0 0 0 0 0 0 0 0 0 0 0 0 0 0 0 0 
0 0 0 0 0 0 0 0 0 0 0 0 0 0 0 0 
0 0 0 0 0 0 0 0 0 0 0 0 A 0 0 0 
0 0 0 0 0 0 0 0 0 0 0 0 0 0 0 0 
0 0 0 0 0 0 0 0 0 0 0 0 0 0 0 0 
0 0 0 0 0 0 1 0 0 0 0 0 0 0 0 6 
0 0 0 0 0 0 0 0 0 0 0 0 0 0 0 0 
